1.0174280037253294E-4
0.7099912458611611
0.822869188535432
0.9624517150048407
0.9259740863581999
0.8464694222651745
0.6115800107883196
0.8252413192881464
0.8308532758759583
0.1510076472307591
0.985527007368173
0.7524128368834093
0.8025494994607519
0.4494374368569988
0.6950012555788277
0.8861025133571133
0.7249419930041497
0.10007642074491661
0.9844034598136336
0.8689490877412954
0.4273176679514896
0.9280452606864484
0.6566963571387792
0.09567443146168926
1.6957661144881351E-4
0.8500741086202087
0.19554357984827067
0.5009465098851111
0.40799163906275837
0.11547772777987539
0.8341707963655567
0.9085745159110867
0.4118889176342119
0.6170386781995365
0.5690644996096681
0.2670449396907561
0.22430138253807155
0.833336317368474
0.8834860119426092
0.7494027194331413
0.21150551280542534
0.773153720783607
0.3945852100823937
0.7936258547909678
0.46974147179617615
0.9449164783325589
0.21125133531692034
0.5011926714802126
0.5452295679344002
0.673348273464175
0.9644321123903766
0.21051294506085708
0.09106763782495057
0.5737889239442483
0.6704447309814602
0.16459360540127083
0.3247259791589929
0.6695317251931558
0.8197053213695554
0.7873362581186631
0.7604902003707784
0.5587976316729549
0.7117955273537876
0.14742823510776656
0.8263474562328064
0.42169690477740807
0.45987859389739044
0.17952763344139216
0.3209352494780604
0.9587379777611876
0.5091922322796621
0.9938479242817722
0.6020634037452114
0.8796267457677176
0.8867161180296522
0.03779572436483378
0.23273939976130584
0.6510917882672939
0.8996854084076757
0.012659107806467966
0.7616249033071216
0.6297498827938688
0.20628011655354878
0.9499189154943074
0.28721271282397803
0.18406443259868047
0.5709186860224785
0.4303559797957335
0.9929524268922174
0.5514387774986396
0.03153341963492959
0.9821838042615837
0.5631982244379811
0.672558129146955
0.6844765728732928
0.9977602814313771
0.3570500171543332
0.9396383128779188
0.5011245391802511
